%YAML:1.0
---
K: !!opencv-matrix
   rows: 3
   cols: 3
   dt: d
   data: [ 1.1040320354559690e+03, 0., 5.4932410052046600e+02, 0.,
       1.0989864195395674e+03, 7.0655111782103518e+02, 0., 0., 1. ]
D: !!opencv-matrix
   rows: 1
   cols: 5
   dt: d
   data: [ 1.6824058039013851e-01, -8.9368909129546259e-01,
       -1.2079958828356935e-02, 2.0667088996840265e-03,
       1.2519519789043994e+00 ]
