%YAML:1.0
---
K: !!opencv-matrix
   rows: 3
   cols: 3
   dt: d
   data: [ 1.1199791540556587e+03, 0., 5.4392013430253348e+02, 0.,
       1.1188515034554648e+03, 7.0388521931749233e+02, 0., 0., 1. ]
D: !!opencv-matrix
   rows: 1
   cols: 5
   dt: d
   data: [ 2.6080364521550786e-01, -1.0077487222669126e+00,
       -2.0468621621688274e-03, -1.9809272690101886e-03,
       3.8947062405682681e-01 ]
