%YAML:1.0
---
K: !!opencv-matrix
   rows: 3
   cols: 3
   dt: d
   data: [ 1.1211503172521004e+03, 0., 5.4343846528925246e+02, 0.,
       1.1197426611674168e+03, 7.0063384890616442e+02, 0., 0., 1. ]
D: !!opencv-matrix
   rows: 1
   cols: 5
   dt: d
   data: [ 2.3176504913407017e-01, -6.5328002483295222e-01,
       -3.7912750101196662e-03, -1.4991207751362525e-03,
       -1.4472415764620468e+00 ]
