%YAML:1.0
---
K1: !!opencv-matrix
   rows: 3
   cols: 3
   dt: d
   data: [ 1.1199791540556587e+03, 0., 5.4392013430253348e+02, 0.,
       1.1188515034554648e+03, 7.0388521931749233e+02, 0., 0., 1. ]
D1: !!opencv-matrix
   rows: 1
   cols: 5
   dt: d
   data: [ 2.6080364521550786e-01, -1.0077487222669126e+00,
       -2.0468621621688274e-03, -1.9809272690101886e-03,
       3.8947062405682681e-01 ]
K2: !!opencv-matrix
   rows: 3
   cols: 3
   dt: d
   data: [ 1.1211503172521004e+03, 0., 5.4343846528925246e+02, 0.,
       1.1197426611674168e+03, 7.0063384890616442e+02, 0., 0., 1. ]
D2: !!opencv-matrix
   rows: 1
   cols: 5
   dt: d
   data: [ 2.3176504913407017e-01, -6.5328002483295222e-01,
       -3.7912750101196662e-03, -1.4991207751362525e-03,
       -1.4472415764620468e+00 ]
R: !!opencv-matrix
   rows: 3
   cols: 3
   dt: d
   data: [ 9.9999994287139893e-01, 3.2825808550377100e-04,
       8.0646315147112670e-05, -3.2844277560144789e-04,
       9.9999729902155199e-01, 2.3008856868315590e-03,
       -7.9890812992642468e-05, -2.3009120430847667e-03,
       9.9999734970710197e-01 ]
T: !!opencv-matrix
   rows: 3
   cols: 1
   dt: d
   data: [ -5.5211478534369141e-02, -1.2372978562291269e-04,
       1.9687569997632066e-03 ]
E: !!opencv-matrix
   rows: 3
   cols: 3
   dt: d
   data: [ 6.5650888665182650e-07, -1.9684669908391528e-03,
       -1.2825934250434518e-04, 1.9643459973842370e-03,
       -1.2639049547268162e-04, 5.5211490980777142e-02,
       1.4186358980929108e-04, -5.5211288794052987e-02,
       -1.2702532235725340e-04 ]
F: !!opencv-matrix
   rows: 3
   cols: 3
   dt: d
   data: [ 4.6038888291077109e-07, -1.3818148160935359e-03,
       8.7165296603174780e-01, 1.3792653456456778e-03,
       -8.8834516758777083e-05, 4.2730262997962221e+01,
       -8.5507316815702872e-01, -4.2639195070265046e+01, 1. ]
